(1, 11, 0, 0, 0, 2007, 652.0000000000, 0.0073445755, 0),
(1, 12, 0, 0, 0, 2007, 152.0000000000, 0.0017122323, 0),
(1, 13, 0, 0, 0, 2007, 584.0000000000, 0.0065785768, 0),
(1, 14, 0, 0, 0, 2007, 161.0000000000, 0.0018136145, 0),
(1, 15, 0, 0, 0, 2007, 1096.0000000000, 0.0123460962, 0),
(1, 16, 0, 0, 0, 2007, 172.0000000000, 0.0019375260, 0),
(1, 17, 0, 0, 0, 2007, 349.0000000000, 0.0039313755, 0),
(1, 21, 0, 0, 0, 2007, 887.0000000000, 0.0099917768, 0),
(1, 22, 0, 0, 0, 2007, 553.0000000000, 0.0062293715, 0),
(1, 23, 0, 0, 0, 2007, 1880.0000000000, 0.0211776103, 0),
(1, 24, 0, 0, 0, 2007, 921.0000000000, 0.0103747761, 0),
(1, 25, 0, 0, 0, 2007, 717.0000000000, 0.0080767801, 0),
(1, 26, 0, 0, 0, 2007, 2096.0000000000, 0.0236107826, 0),
(1, 27, 0, 0, 0, 2007, 567.0000000000, 0.0063870772, 0),
(1, 28, 0, 0, 0, 2007, 617.0000000000, 0.0069503115, 0),
(1, 29, 0, 0, 0, 2007, 3418.0000000000, 0.0385026979, 0),
(1, 31, 0, 0, 0, 2007, 10274.0000000000, 0.1157333874, 0),
(1, 32, 0, 0, 0, 2007, 1859.0000000000, 0.0209410519, 0),
(1, 33, 0, 0, 0, 2007, 8810.0000000000, 0.0992418866, 0),
(1, 35, 0, 0, 0, 2007, 26931.0000000000, 0.3033692677, 0),
(1, 41, 0, 0, 0, 2007, 6511.0000000000, 0.0733443727, 0),
(1, 42, 0, 0, 0, 2007, 5088.0000000000, 0.0573147241, 0),
(1, 43, 0, 0, 0, 2007, 7589.0000000000, 0.0854877046, 0),
(1, 50, 0, 0, 0, 2007, 1055.0000000000, 0.0118842441, 0),
(1, 51, 0, 0, 0, 2007, 1266.0000000000, 0.0142610929, 0),
(1, 52, 0, 0, 0, 2007, 2456.0000000000, 0.0276660696, 0),
(1, 53, 0, 0, 0, 2007, 2112.0000000000, 0.0237910175, 0),
(1, 0, 0, 0, 0, 2007, 88773.0000000000, 1.0000000000, 0),
(1, 11, 0, 0, 0, 2008, 649.0000000000, 0.0071242741, 0),
(1, 12, 0, 0, 0, 2008, 149.0000000000, 0.0016356192, 0),
(1, 13, 0, 0, 0, 2008, 605.0000000000, 0.0066412725, 0),
(1, 14, 0, 0, 0, 2008, 162.0000000000, 0.0017783242, 0),
(1, 15, 0, 0, 0, 2008, 1159.0000000000, 0.0127227022, 0),
(1, 16, 0, 0, 0, 2008, 168.0000000000, 0.0018441881, 0),
(1, 17, 0, 0, 0, 2008, 387.0000000000, 0.0042482189, 0),
(1, 21, 0, 0, 0, 2008, 864.0000000000, 0.0094843958, 0),
(1, 22, 0, 0, 0, 2008, 568.0000000000, 0.0062351120, 0),
(1, 23, 0, 0, 0, 2008, 1947.0000000000, 0.0213728224, 0),
(1, 24, 0, 0, 0, 2008, 896.0000000000, 0.0098356697, 0),
(1, 25, 0, 0, 0, 2008, 728.0000000000, 0.0079914816, 0),
(1, 26, 0, 0, 0, 2008, 2131.0000000000, 0.0233926474, 0),
(1, 27, 0, 0, 0, 2008, 573.0000000000, 0.0062899986, 0),
(1, 28, 0, 0, 0, 2008, 613.0000000000, 0.0067290910, 0),
(1, 29, 0, 0, 0, 2008, 3420.0000000000, 0.0375423999, 0),
(1, 31, 0, 0, 0, 2008, 10540.0000000000, 0.1157008464, 0),
(1, 32, 0, 0, 0, 2008, 1947.0000000000, 0.0213728224, 0),
(1, 33, 0, 0, 0, 2008, 8847.0000000000, 0.0971162607, 0),
(1, 35, 0, 0, 0, 2008, 27864.0000000000, 0.3058717631, 0),
(1, 41, 0, 0, 0, 2008, 6738.0000000000, 0.0739651141, 0),
(1, 42, 0, 0, 0, 2008, 5241.0000000000, 0.0575320812, 0),
(1, 43, 0, 0, 0, 2008, 7743.0000000000, 0.0849973106, 0),
(1, 50, 0, 0, 0, 2008, 1044.0000000000, 0.0114603115, 0),
(1, 51, 0, 0, 0, 2008, 1342.0000000000, 0.0147315499, 0),
(1, 52, 0, 0, 0, 2008, 2501.0000000000, 0.0274542521, 0),
(1, 53, 0, 0, 0, 2008, 2271.0000000000, 0.0249294708, 0),
(1, 0, 0, 0, 0, 2008, 91097.0000000000, 1.0000000000, 0),
(1, 11, 0, 0, 0, 2009, 704.0000000000, 0.0075225731, 0),
(1, 12, 0, 0, 0, 2009, 156.0000000000, 0.0016669338, 0),
(1, 13, 0, 0, 0, 2009, 655.0000000000, 0.0069989849, 0),
(1, 14, 0, 0, 0, 2009, 157.0000000000, 0.0016776193, 0),
(1, 15, 0, 0, 0, 2009, 1148.0000000000, 0.0122669231, 0),
(1, 16, 0, 0, 0, 2009, 167.0000000000, 0.0017844740, 0),
(1, 17, 0, 0, 0, 2009, 392.0000000000, 0.0041887055, 0),
(1, 21, 0, 0, 0, 2009, 864.0000000000, 0.0092322488, 0),
(1, 22, 0, 0, 0, 2009, 584.0000000000, 0.0062403163, 0),
(1, 23, 0, 0, 0, 2009, 2004.0000000000, 0.0214136881, 0),
(1, 24, 0, 0, 0, 2009, 897.0000000000, 0.0095848694, 0),
(1, 25, 0, 0, 0, 2009, 773.0000000000, 0.0082598707, 0),
(1, 26, 0, 0, 0, 2009, 2227.0000000000, 0.0237965486, 0),
(1, 27, 0, 0, 0, 2009, 602.0000000000, 0.0064326548, 0),
(1, 28, 0, 0, 0, 2009, 612.0000000000, 0.0065395095, 0),
(1, 29, 0, 0, 0, 2009, 3518.0000000000, 0.0375914944, 0),
(1, 31, 0, 0, 0, 2009, 10601.0000000000, 0.1132767003, 0),
(1, 32, 0, 0, 0, 2009, 1951.0000000000, 0.0208473580, 0),
(1, 33, 0, 0, 0, 2009, 9104.0000000000, 0.0972805471, 0),
(1, 35, 0, 0, 0, 2009, 28518.0000000000, 0.3047283218, 0),
(1, 41, 0, 0, 0, 2009, 7065.0000000000, 0.0754928674, 0),
(1, 42, 0, 0, 0, 2009, 5451.0000000000, 0.0582465139, 0),
(1, 43, 0, 0, 0, 2009, 7946.0000000000, 0.0849067692, 0),
(1, 50, 0, 0, 0, 2009, 1121.0000000000, 0.0119784153, 0),
(1, 51, 0, 0, 0, 2009, 1404.0000000000, 0.0150024042, 0),
(1, 52, 0, 0, 0, 2009, 2627.0000000000, 0.0280707378, 0),
(1, 53, 0, 0, 0, 2009, 2337.0000000000, 0.0249719506, 0),
(1, 0, 0, 0, 0, 2009, 93585.0000000000, 1.0000000000, 0),
(1, 11, 0, 0, 0, 2010, 713.0000000000, 0.0073109459, 0),
(1, 12, 0, 0, 0, 2010, 162.0000000000, 0.0016611125, 0),
(1, 13, 0, 0, 0, 2010, 703.0000000000, 0.0072084081, 0),
(1, 14, 0, 0, 0, 2010, 167.0000000000, 0.0017123814, 0),
(1, 15, 0, 0, 0, 2010, 1201.0000000000, 0.0123147911, 0),
(1, 16, 0, 0, 0, 2010, 178.0000000000, 0.0018251730, 0),
(1, 17, 0, 0, 0, 2010, 414.0000000000, 0.0042450654, 0),
(1, 21, 0, 0, 0, 2010, 961.0000000000, 0.0098538836, 0),
(1, 22, 0, 0, 0, 2010, 636.0000000000, 0.0065214048, 0),
(1, 23, 0, 0, 0, 2010, 2195.0000000000, 0.0225070495, 0),
(1, 24, 0, 0, 0, 2010, 979.0000000000, 0.0100384517, 0),
(1, 25, 0, 0, 0, 2010, 818.0000000000, 0.0083875929, 0),
(1, 26, 0, 0, 0, 2010, 2349.0000000000, 0.0240861318, 0),
(1, 27, 0, 0, 0, 2010, 602.0000000000, 0.0061727762, 0),
(1, 28, 0, 0, 0, 2010, 674.0000000000, 0.0069110484, 0),
(1, 29, 0, 0, 0, 2010, 3690.0000000000, 0.0378364522, 0),
(1, 31, 0, 0, 0, 2010, 10875.0000000000, 0.1115098693, 0),
(1, 32, 0, 0, 0, 2010, 2007.0000000000, 0.0205793386, 0),
(1, 33, 0, 0, 0, 2010, 9344.0000000000, 0.0958113304, 0),
(1, 35, 0, 0, 0, 2010, 29640.0000000000, 0.3039220713, 0),
(1, 41, 0, 0, 0, 2010, 7495.0000000000, 0.0768520892, 0),
(1, 42, 0, 0, 0, 2010, 5608.0000000000, 0.0575032043, 0),
(1, 43, 0, 0, 0, 2010, 8212.0000000000, 0.0842040502, 0),
(1, 50, 0, 0, 0, 2010, 1182.0000000000, 0.0121199692, 0),
(1, 51, 0, 0, 0, 2010, 1444.0000000000, 0.0148064599, 0),
(1, 52, 0, 0, 0, 2010, 2837.0000000000, 0.0290899769, 0),
(1, 53, 0, 0, 0, 2010, 2439.0000000000, 0.0250089721, 0),
(1, 0, 0, 0, 0, 2010, 97525.0000000000, 1.0000000000, 0),
(1, 11, 0, 0, 0, 2011, 776.0000000000, 0.0076055317, 0),
(1, 12, 0, 0, 0, 2011, 186.0000000000, 0.0018229754, 0),
(1, 13, 0, 0, 0, 2011, 745.0000000000, 0.0073017024, 0),
(1, 14, 0, 0, 0, 2011, 176.0000000000, 0.0017249659, 0),
(1, 15, 0, 0, 0, 2011, 1286.0000000000, 0.0126040125, 0),
(1, 16, 0, 0, 0, 2011, 203.0000000000, 0.0019895914, 0),
(1, 17, 0, 0, 0, 2011, 451.0000000000, 0.0044202252, 0),
(1, 21, 0, 0, 0, 2011, 1044.0000000000, 0.0102321843, 0),
(1, 22, 0, 0, 0, 2011, 680.0000000000, 0.0066646411, 0),
(1, 23, 0, 0, 0, 2011, 2376.0000000000, 0.0232870402, 0),
(1, 24, 0, 0, 0, 2011, 1031.0000000000, 0.0101047721, 0),
(1, 25, 0, 0, 0, 2011, 906.0000000000, 0.0088796542, 0),
(1, 26, 0, 0, 0, 2011, 2473.0000000000, 0.0242377317, 0),
(1, 27, 0, 0, 0, 2011, 642.0000000000, 0.0062922053, 0),
(1, 28, 0, 0, 0, 2011, 720.0000000000, 0.0070566789, 0),
(1, 29, 0, 0, 0, 2011, 3895.0000000000, 0.0381746724, 0),
(1, 31, 0, 0, 0, 2011, 11367.0000000000, 0.1114073174, 0),
(1, 32, 0, 0, 0, 2011, 2087.0000000000, 0.0204545677, 0),
(1, 33, 0, 0, 0, 2011, 9749.0000000000, 0.0955493919, 0),
(1, 35, 0, 0, 0, 2011, 30931.0000000000, 0.3031529633, 0),
(1, 41, 0, 0, 0, 2011, 7731.0000000000, 0.0757710892, 0),
(1, 42, 0, 0, 0, 2011, 5794.0000000000, 0.0567866629, 0),
(1, 43, 0, 0, 0, 2011, 8468.0000000000, 0.0829943841, 0),
(1, 50, 0, 0, 0, 2011, 1253.0000000000, 0.0122805814, 0),
(1, 51, 0, 0, 0, 2011, 1555.0000000000, 0.0152404661, 0),
(1, 52, 0, 0, 0, 2011, 3020.0000000000, 0.0295988474, 0),
(1, 53, 0, 0, 0, 2011, 2486.0000000000, 0.0243651439, 0),
(1, 0, 0, 0, 0, 2011, 102031.0000000000, 1.0000000000, 0),
(1, 11, 0, 0, 0, 2012, 818.0000000000, 0.0078244567, 0),
(1, 12, 0, 0, 0, 2012, 195.0000000000, 0.0018652433, 0),
(1, 13, 0, 0, 0, 2012, 785.0000000000, 0.0075088001, 0),
(1, 14, 0, 0, 0, 2012, 182.0000000000, 0.0017408938, 0),
(1, 15, 0, 0, 0, 2012, 1357.0000000000, 0.0129801806, 0),
(1, 16, 0, 0, 0, 2012, 208.0000000000, 0.0019895929, 0),
(1, 17, 0, 0, 0, 2012, 439.0000000000, 0.0041991889, 0),
(1, 21, 0, 0, 0, 2012, 1098.0000000000, 0.0105027548, 0),
(1, 22, 0, 0, 0, 2012, 712.0000000000, 0.0068105295, 0),
(1, 23, 0, 0, 0, 2012, 2468.0000000000, 0.0236072850, 0),
(1, 24, 0, 0, 0, 2012, 1121.0000000000, 0.0107227579, 0),
(1, 25, 0, 0, 0, 2012, 916.0000000000, 0.0087618610, 0),
(1, 26, 0, 0, 0, 2012, 2676.0000000000, 0.0255968779, 0),
(1, 27, 0, 0, 0, 2012, 707.0000000000, 0.0067627028, 0),
(1, 28, 0, 0, 0, 2012, 744.0000000000, 0.0071166208, 0),
(1, 29, 0, 0, 0, 2012, 3974.0000000000, 0.0380127028, 0),
(1, 31, 0, 0, 0, 2012, 11546.0000000000, 0.1104415366, 0),
(1, 32, 0, 0, 0, 2012, 2162.0000000000, 0.0206802877, 0),
(1, 33, 0, 0, 0, 2012, 9997.0000000000, 0.0956248087, 0),
(1, 35, 0, 0, 0, 2012, 31516.0000000000, 0.3014615856, 0),
(1, 41, 0, 0, 0, 2012, 7893.0000000000, 0.0754993113, 0),
(1, 42, 0, 0, 0, 2012, 5842.0000000000, 0.0558807775, 0),
(1, 43, 0, 0, 0, 2012, 8646.0000000000, 0.0827020202, 0),
(1, 50, 0, 0, 0, 2012, 1312.0000000000, 0.0125497398, 0),
(1, 51, 0, 0, 0, 2012, 1591.0000000000, 0.0152184726, 0),
(1, 52, 0, 0, 0, 2012, 3130.0000000000, 0.0299395470, 0),
(1, 53, 0, 0, 0, 2012, 2509.0000000000, 0.0239994643, 0),
(1, 0, 0, 0, 0, 2012, 104544.0000000000, 1.0000000000, 0),
(1, 11, 0, 0, 0, 2013, 844.0000000000, 0.0078629389, 0),
(1, 12, 0, 0, 0, 2013, 196.0000000000, 0.0018259906, 0),
(1, 13, 0, 0, 0, 2013, 794.0000000000, 0.0073971250, 0),
(1, 14, 0, 0, 0, 2013, 181.0000000000, 0.0016862464, 0),
(1, 15, 0, 0, 0, 2013, 1384.0000000000, 0.0128937292, 0),
(1, 16, 0, 0, 0, 2013, 224.0000000000, 0.0020868463, 0),
(1, 17, 0, 0, 0, 2013, 453.0000000000, 0.0042202741, 0),
(1, 21, 0, 0, 0, 2013, 1144.0000000000, 0.0106578224, 0),
(1, 22, 0, 0, 0, 2013, 760.0000000000, 0.0070803715, 0),
(1, 23, 0, 0, 0, 2013, 2564.0000000000, 0.0238869376, 0),
(1, 24, 0, 0, 0, 2013, 1163.0000000000, 0.0108348317, 0),
(1, 25, 0, 0, 0, 2013, 965.0000000000, 0.0089902086, 0),
(1, 26, 0, 0, 0, 2013, 2743.0000000000, 0.0255545515, 0),
(1, 27, 0, 0, 0, 2013, 731.0000000000, 0.0068101995, 0),
(1, 28, 0, 0, 0, 2013, 797.0000000000, 0.0074250738, 0),
(1, 29, 0, 0, 0, 2013, 4064.0000000000, 0.0378613551, 0),
(1, 31, 0, 0, 0, 2013, 11756.0000000000, 0.1095221681, 0),
(1, 32, 0, 0, 0, 2013, 2251.0000000000, 0.0209709425, 0),
(1, 33, 0, 0, 0, 2013, 10260.0000000000, 0.0955850157, 0),
(1, 35, 0, 0, 0, 2013, 32312.0000000000, 0.3010275855, 0),
(1, 41, 0, 0, 0, 2013, 8078.0000000000, 0.0752568964, 0),
(1, 42, 0, 0, 0, 2013, 5990.0000000000, 0.0558045072, 0),
(1, 43, 0, 0, 0, 2013, 8820.0000000000, 0.0821695749, 0),
(1, 50, 0, 0, 0, 2013, 1359.0000000000, 0.0126608223, 0),
(1, 51, 0, 0, 0, 2013, 1657.0000000000, 0.0154370732, 0),
(1, 52, 0, 0, 0, 2013, 3288.0000000000, 0.0306319232, 0),
(1, 53, 0, 0, 0, 2013, 2561.0000000000, 0.0238589888, 0),
(1, 0, 0, 0, 0, 2013, 107339.0000000000, 1.0000000000, 0),
(1, 11, 0, 0, 0, 2014, 856.0000000000, 0.0078706130, 0),
(1, 12, 0, 0, 0, 2014, 215.0000000000, 0.0019768479, 0),
(1, 13, 0, 0, 0, 2014, 782.0000000000, 0.0071902095, 0),
(1, 14, 0, 0, 0, 2014, 202.0000000000, 0.0018573176, 0),
(1, 15, 0, 0, 0, 2014, 1485.0000000000, 0.0136540424, 0),
(1, 16, 0, 0, 0, 2014, 220.0000000000, 0.0020228211, 0),
(1, 17, 0, 0, 0, 2014, 458.0000000000, 0.0042111457, 0),
(1, 21, 0, 0, 0, 2014, 1161.0000000000, 0.0106749786, 0),
(1, 22, 0, 0, 0, 2014, 779.0000000000, 0.0071626256, 0),
(1, 23, 0, 0, 0, 2014, 2663.0000000000, 0.0244853299, 0),
(1, 24, 0, 0, 0, 2014, 1155.0000000000, 0.0106198108, 0),
(1, 25, 0, 0, 0, 2014, 1024.0000000000, 0.0094153128, 0),
(1, 26, 0, 0, 0, 2014, 2827.0000000000, 0.0259932511, 0),
(1, 27, 0, 0, 0, 2014, 800.0000000000, 0.0073557131, 0),
(1, 28, 0, 0, 0, 2014, 789.0000000000, 0.0072545720, 0),
(1, 29, 0, 0, 0, 2014, 4197.0000000000, 0.0385899098, 0),
(1, 31, 0, 0, 0, 2014, 11931.0000000000, 0.1097012661, 0),
(1, 32, 0, 0, 0, 2014, 2282.0000000000, 0.0209821716, 0),
(1, 33, 0, 0, 0, 2014, 10260.0000000000, 0.0943370204, 0),
(1, 35, 0, 0, 0, 2014, 32528.0000000000, 0.2990832943, 0),
(1, 41, 0, 0, 0, 2014, 8196.0000000000, 0.0753592806, 0),
(1, 42, 0, 0, 0, 2014, 6059.0000000000, 0.0557103320, 0),
(1, 43, 0, 0, 0, 2014, 8872.0000000000, 0.0815748582, 0),
(1, 50, 0, 0, 0, 2014, 1409.0000000000, 0.0129552497, 0),
(1, 51, 0, 0, 0, 2014, 1707.0000000000, 0.0156952528, 0),
(1, 52, 0, 0, 0, 2014, 3368.0000000000, 0.0309675521, 0),
(1, 53, 0, 0, 0, 2014, 2534.0000000000, 0.0232992212, 0),
(1, 0, 0, 0, 0, 2014, 108759.0000000000, 1.0000000000, 0),
